8
1	 82	482	 532	 69	 96
2	 47	562	 568	 4	 98
3	 40	442	 492	 1	 32
4	 47	299	 407	 32	 98
5	 48	304	 386	 12	 88
6	 32	286	 338	 19	 29
7	 51	495	 591	 13	 83
8	 90	403	 405	 20	 22
0	10	47	39	45	1	29	12
10	0	28	5	41	1	29	2
47	28	0	32	10	22	4	17
39	5	32	0	27	4	27	31
45	41	10	27	0	30	48	25
1	1	22	4	30	0	46	30
29	29	4	27	48	46	0	10
12	2	17	31	25	30	10	0
